13
26
0 80 323 -2 fox.png

1 80 23 198 chevreuil.png

2 60 223 198 mesange.jpg

3 100 423 198 ecureuil.png

4 100 23 398 chene.jpg

5 50 223 398 noisettes.png

6 40 423 398 orchis.png

7 100 23 598 sun.png

8 100 223 598 CO2.png

9 100 423 598 eau.png

10 100 623 598 mineraux.png

11 20 623 98 ver.png

12 20 623 298 Champignons.png

0 1 0 50
1 2 0 50
2 3 0 75
3 0 11 25
4 4 1 25
5 6 1 25
6 4 2 10
7 5 3 100
8 6 2 20
9 7 4 50
10 7 5 50
11 7 6 50
12 8 4 50
13 8 5 50
14 8 6 50
15 9 4 50
16 9 5 50
17 9 6 50
18 10 4 50
19 10 5 50
20 10 6 50
21 11 12 50
22 12 10 50
23 10 9 50
24 3 11 50
25 6 11 50